IntrinsicParams 1.0
fx = 655.359 
fy = 651.405 
cx = 302.766 
cy = 238.713 
k1 = -0.418959 
k2 = 0.170076 
p1 = 7.49474e-05 
p2 = -0.0010356 
width = 640 
height = 480 
